      A P L \ 3 6 0
      -7
-7
      'ALPHA⍴⍳'
ALPHA⍴⍳
      1+2
3
      3≤7
1
      7≤3
0
      1 2 3 4×4 3 2 1
4  6  6  4
      2+1 2 3 4
3  4  5  6
      1 2 3 4⌈2
2  2  3  4
      1 2 3
1  2  3
      ⍳3
1  2  3
      )ORIGIN 0
      ⍳3
0  1  2
      )ORIGIN 1
      ⍳0


      6-⍳6
5  4  3  2  1  0
      2×⍳0


      2×⍳6
2  4  6  8  10  12
      X,X←2 3 5 7 11
2  3  5  7  11  2  3  5  7  11
      ,2 3⍴⍳6
1  2  3  4  5  6
      ⍴1


      ⍴⍴1
0
      ⍴⍴⍴1
1
      ⍴1 2 3
3
      ⍴⍴1 2 3
1
      ⍴⍴⍴1 2 3
1
      ⍴2 3⍴⍳6
2  3
      ⍴⍴2 3⍴⍳6
2
      ⍴⍴⍴2 3⍴⍳6
1
      ⍴4 2 3⍴⍳6
4  2  3
      ⍴⍴4 2 3⍴⍳6
3
      ⍴⍴⍴4 2 3⍴⍳6
1
      2 3⍴1 2
  1  2  1
  2  1  2
      ⍴''
0
      ''


      'X'
X
      'CAN''T'
CAN'T
      A←'ABCDEFG'
ABCDEFG
      M←4 3⍴3 1 4 2 1 4 4 1 2 4 1 4
  3  1  4
  2  1  4
  4  1  2
  4  1  4
      A[M]
CAD
BAD
DAB
DAD
      (3 4⍴⍳12)[2;3]
7
      (M←3 4⍴⍳12)[1 3;2 3 4]
   2   3   4
  10  11  12
      M[2;]
5  6  7  8
      M[;2 1]
   2  1
   6  5
  10  9
      M[M←4 3⍴3 1 4 2 1 4 4 1 2 4 1 4;]
  4  1  2
  3  1  4
  4  1  4

  2  1  4
  3  1  4
  4  1  4

  4  1  4
  3  1  4
  2  1  4

  4  1  4
  3  1  4
  4  1  4
      3 3⍴1 0 0 0
  1  0  0
  0  1  0
  0  0  1
      3⍴1
1  1  1
      2 3⍴⍳6
  1  2  3
  4  5  6
      2 3 4⍴⍳6
  1  2  3  4
  5  6  1  2
  3  4  5  6

  1  2  3  4
  5  6  1  2
  3  4  5  6
      (1-2)
-1
      (⍳3)+4
5  6  7
      X←⍳6
1  2  3  4  5  6
      X[2 1]←8 9
9  8  3  4  5  6
      X[2 1 3]←7
7  7  7  4  5  6
      3 4⍳4
2
      1 2 3 4⍳2 3⍴⍳6
  1  2  3
  4  5  5
      'ABCDEFGH'⍳'GAFFE'
7  1  6  6  5
      3 4 7∊⍳5
1  1  0
      4∊⍳5
1
      2 3 5 7∊⍳4
1  1  0  0
      (3 4⍴⍳12)∊2 3 5 7
  0  1  1  0
  1  0  1  0
  0  0  0  0
      0↑3 4 5 6


      2↑3 4 5 6
3  4
      2 3↑3 4⍴⍳12
  1  2  3
  5  6  7
      2 ¯3↑3 4⍴⍳12
  2  3  4
  6  7  8
      2↓3 4 5 6
5  6
      1 2↓3 4⍴⍳12
   7   8
  11  12
      ¯1 1↓3 4⍴⍳12
  2  3  4
  6  7  8
      ⍋3 5 3 2
4  1  3  2
      )ORIGIN 0
      ⍋3 5 3 2
3  0  2  1
      )ORIGIN 1
      ⍒3 5 3 2
2  1  3  4
      P←2 3 5 7
2  3  5  7
      E←3 4⍴⍳12
  1   2   3   4
  5   6   7   8
  9  10  11  12
      1 0 1 0/P
2  5
      1 0 1 0/E
  1   3
  5   7
  9  11
      1 0 1/[1]E
  1   2   3   4
  9  10  11  12
      1 0 1⌿E
  1   2   3   4
  9  10  11  12
      0 1 0 1/⍳4
2  4
      1 0 1\⍳2
1  0  2
      1 0 1 1 1\3 4⍴'ABCDEFGHIJKL'
A BCD
E FGH
I JKL
      1 0 1⍀2 3⍴⍳6
  1  2  3
  0  0  0
  4  5  6
      ⍉2 3⍴⍳6
  1  4
  2  5
  3  6
      1 1⍉3 3⍴⍳9
1  5  9
      ⍴⍴(⍳0)⍉5
0
      ⌽X←3 4⍴'ABCDEFGHIJKL'
DCBA
HGFE
LKJI
      ⌽X
DCBA
HGFE
LKJI
      ⌽[1]3 4⍴'ABCDEFGHIJKL'
IJKL
EFGH
ABCD
      ⊖X
IJKL
EFGH
ABCD
      3⌽2 3 5 7
7  2  3  5
      ¯1⌽2 3 5 7
7  2  3  5
      ¯7⌽'ABCDEF'
FABCDE
      1⊖3 4⍴⍳12
  5   6   7   8
  9  10  11  12
  1   2   3   4
      1 0 ¯1⌽3 4⍴'ABCDEFGHIJKL'
BCDA
EFGH
LIJK
      (2 2⍴0 ¯1 3 1)⌽[2]2 4 2⍴⍳16
   1   8
   3   2
   5   4
   7   6

  15  12
   9  14
  11  16
  13  10
      (2 4⍴0 1 ¯1 0 0 3  2 1)⌽[1]2 2 4⍴⍳16
   1  10  11   4
   5  14   7  16

   9   2   3  12
  13   6  15   8
      10⊥1 7 7 6
1776
      24 60 60⊥1 2 3
3723
      24 60 60⊤3723
1  2  3
      60 60⊤3723
2  3
      1+-3
-2
      A←4
4
      A+2+A←4
10
      3 4[2]
4
      +/1 2 3
6
      +/⍳3
6
      +/2 3⍴⍳6
6  15
      +/[1]2 3⍴⍳6
5  7  9
      +⌿2 3⍴⍳6
5  7  9
      +/[2]2 4 3⍴⍳24
  22  26  30
  70  74  78
      2 3 4+.×5 6 7
56
      1 2 3∘.×1 2 3 4
  1  2  3   4
  2  4  6   8
  3  6  9  12
      (⍳3)∘.×⍳4
  1  2  3   4
  2  4  6   8
  3  6  9  12
      