1                         ([1])
1 1+                      ([2])
1 1-                      ([0])
1 2 3                     ([1 2 3])
1 [2] 3                   ([1 [2] 3])
1 [2].                    ([1 2])
1 [2].3                   ([1 2 3])
1 2=[3]?                  ([])
2 2=[3]?                  ([3])
[a]                       ([[<6>]])
[3][a]:                   ([])
[3][a]:1a+                ([4])
1 2,                      ([[1 2]])
[1 2]3,                   ([[1 2 3]])
1[2 3],                   ([[1 2 3]])